 0.975124  0.092544  -0.122408  0.159954
 0.998129  0.003206  -0.016780  0.058716
 0.998926  -0.003096  -0.012229  0.044583
 0.999142  -0.026380  -0.020589  0.024414
 0.999684  -0.016723  -0.013934  0.012605
 0.999758  -0.014308  -0.013603  0.009681
 0.999785  -0.016279  -0.011877  0.004977
 0.999834  -0.015526  -0.008982  0.003172
 0.999881  -0.013654  -0.006972  0.001852
 0.999944  -0.009693  -0.004327  0.000188
 0.999964  -0.008428  -0.001145  0.000799
 0.999980  -0.006251  -0.000283  0.000187
 0.999973  -0.007261  0.001210  -0.000427
 0.999976  -0.006821  0.001185  -0.000441
 0.999977  -0.006633  0.001146  -0.000290
 0.999975  -0.007027  0.000558  -0.000224
 0.999991  -0.004116  0.000613  0.000632
 0.999996  -0.002678  0.000194  0.000196
 0.999998  -0.001833  -0.000531  -0.000369
 0.999999  -0.001397  -0.000401  -0.000445
