 0.112910  -0.281428  -0.019833
 0.038833  -0.127383  -0.018855
 0.030495  -0.079742  -0.023980
 0.024857  -0.056048  -0.021789
 0.016174  -0.040865  -0.020912
 0.013212  -0.033776  -0.017975
 0.012877  -0.024032  -0.011795
 0.012120  -0.011336  -0.003280
 0.011755  -0.002163  0.004323
 0.008879  0.000220  0.005620
 0.007355  0.001725  0.008556
 0.005907  0.002059  0.007985
 0.005442  0.001953  0.009543
 0.005414  0.004350  0.008842
 0.004801  0.003991  0.008644
 0.004095  0.004087  0.006250
 0.004422  0.003178  0.004742
 0.003265  0.002744  0.002742
 0.003045  0.002353  0.001476
 0.002472  0.002700  0.000788