54.595000
56.376000
56.732000
57.708000
60.262000
59.802000
61.534000
63.273000
62.858000
64.308000
62.431000
60.720000
65.927000
64.892000
67.870000
70.128000
67.949000
67.731000
71.508000
75.488000
68.909000
72.248000
71.334000
73.552000
73.221000
71.904000
70.772000
70.662000
72.036000
72.368000
75.561000
74.647000
73.404000
73.063000
73.523000
70.983000
69.795000
68.956000
68.547000
69.266000
65.106000
70.264000
65.030000
67.760000
68.010000
69.253000
71.066000
70.008000
74.132000
79.246000
76.960000
83.339000
83.724000
86.007000
93.196000
94.310000
94.775000
100.541000
101.488000
105.302000
106.329000
107.455000
111.114000
111.951000
114.825000
115.568000
121.421000
121.142000
121.846000
125.120000
124.821000
127.349000
128.592000
128.779000
130.207000
131.645000
137.200000
137.620000
141.052000
142.581000
145.932000
152.088000
148.536000
156.696000
160.644000
159.242000
166.898000
165.691000
170.406000
170.533000
179.070000
178.958000
187.007000
188.476000
198.083000
209.339000
212.702000
218.065000
225.863000
239.499000
244.270000
248.252000
259.101000
263.135000
275.382000
278.567000
292.973000
297.211000
300.083000
316.098000
314.683000
326.657000
336.834000
334.743000
348.350000
349.667000
362.163000
367.464000
372.352000
377.283000
384.496000
390.195000
398.109000
403.373000
409.540000
420.072000
429.957000
440.596000
450.111000
453.888000
469.774000
486.981000
482.362000
494.949000
492.208000
508.599000
522.594000
541.429000
566.027000
582.838000
604.739000
632.982000
647.908000
691.287000
708.744000
730.719000
740.822000
769.380000
810.061000
838.827000
887.551000
901.545000
870.527000
848.922000
785.941000
767.178000
766.738000
769.667000
763.434000
747.521000
748.118000
711.667000
693.640000
689.193000
682.426000
669.266000
670.187000
658.267000
651.598000
627.667000
608.148000
591.616000
585.032000
582.566000
580.890000
569.262000
558.067000
552.177000
